
$orca_hessian_file

$act_atom
  0

$act_coord
  0

$act_energy
     -344.411727

$hessian
42
                    0                  1                  2                  3                  4        
    0      4.6882532762E-01  -3.2476357624E-02   1.3881126106E-02  -1.6628556315E-01  -5.8645710234E-02
    1     -3.2476357624E-02   5.2233620781E-01  -5.8721790715E-03  -5.7362833588E-02  -8.6087478083E-02
    2      1.3881126106E-02  -5.8721790715E-03   5.7022834432E-01   3.1530650281E-02   2.1242158605E-02
    3     -1.6628556315E-01  -5.7362833588E-02   3.1530650281E-02   4.2928825003E-01   2.1397854100E-01
    4     -5.8645710234E-02  -8.6087478083E-02   2.1242158605E-02   2.1397854100E-01   3.0649671354E-01
    5      3.2248835083E-02   2.0926279045E-02  -7.7828066824E-02  -2.4863941568E-01  -2.9786858037E-01
    6     -4.2551281815E-02   5.0471966450E-03  -1.7001497117E-02   3.2461153831E-03  -7.9658034665E-03
    7      2.9788289561E-03  -7.0364866217E-02   8.3692649108E-02   2.7131957452E-03  -7.5235136908E-03
    8     -1.1029032090E-02   8.6126967264E-02  -2.8679882129E-01  -3.6191223228E-04   1.4892077456E-03
    9     -4.6918147678E-02  -2.8789895352E-02  -2.2208707839E-02  -4.6373328663E-03  -2.1147136516E-02
   10     -2.9847930608E-02  -1.9487372325E-01  -1.2470774758E-01  -1.0727765509E-03  -1.2936897142E-02
   11     -2.2759870637E-02  -1.2523611433E-01  -1.4562301962E-01   1.9383415017E-04   6.3561327259E-03
   12     -1.8587411756E-01   1.2741579287E-01  -1.8857167913E-02  -2.1337507779E-02   1.8034007577E-02
   13      1.2819687150E-01  -1.5580422523E-01   1.8658417619E-02  -1.0397704026E-02   8.2049811174E-03
   14     -1.8521551386E-02   1.8643076266E-02  -4.4792862493E-02   5.5485032237E-03  -6.2943517345E-03
   15     -1.9765136886E-02   1.5518887745E-02  -4.8459800149E-03  -3.3680359979E-03  -3.1815970644E-02
   16      1.1754795935E-03   2.6411367076E-03   1.4646937090E-03  -2.0577119578E-02  -2.4048521019E-02
   17     -5.9750658121E-04   2.9873749285E-03   2.7534778553E-03   3.4102267557E-02  -2.7704320055E-02
   18     -2.2332387425E-05   1.0877400438E-03  -3.8368988469E-04  -3.2057661672E-02   1.4683621437E-02
   19     -3.8018499793E-04   8.1508566937E-04   5.3641509738E-04   6.7090091063E-03  -2.5746293123E-03
   20     -3.9179686216E-03   3.5341985855E-03  -8.2376990333E-04   6.3925141714E-03  -2.0447578747E-02
   21      2.9883323542E-05   6.9815240714E-04  -4.7801892708E-04   1.7210244999E-04  -3.2180708868E-03
   22     -2.3996287033E-04  -2.3864476023E-04   5.4647987253E-04   3.1506249609E-03  -3.1144374956E-04
   23      2.8343434379E-04  -2.2866022912E-04  -6.5409185819E-05  -3.3717599101E-03   5.1644660559E-03
   24      5.6833925813E-05   1.8983204942E-04  -3.2727372917E-04   1.6840867451E-03  -1.0896987749E-03
   25      1.2297132634E-04  -1.1421966537E-04  -2.8455844789E-05  -1.7423681821E-03   3.4779288462E-04
   26      1.0109848748E-04  -5.1023777318E-05   1.4993544674E-04  -1.7670538126E-03   1.4886096899E-03
   27     -1.2097425699E-03   1.5403919271E-03  -2.5383619064E-04   1.8829581284E-03  -7.3713672070E-03
   28      2.0906923074E-04  -4.8777901706E-04   7.8402844081E-05   1.4879774545E-03   7.0250200322E-04
   29      6.7871150708E-04  -8.3252652605E-04   1.5741886855E-04   1.4843658972E-04   3.7896527815E-03
   30     -2.5771635773E-03  -1.7197536463E-02   3.3096093565E-02  -1.6139822732E-01  -1.0392458153E-01
   31     -8.6899086787E-03  -1.6006896369E-04   2.0401476962E-02  -1.0937558058E-01  -1.9749759069E-01
   32      9.9743578019E-03   1.2019032010E-02  -1.0402744511E-02   2.1383451036E-01   2.5954088342E-01
   33     -1.9175820445E-03  -1.7157328890E-02  -1.3820179342E-02  -4.1202804095E-02   2.1016667671E-02
   34     -5.1560659127E-03  -9.5754134408E-03  -1.1420450945E-02   1.5311863076E-03  -4.3953060778E-02
   35     -4.4356648241E-04  -6.6720658253E-03  -3.3495320385E-03   8.8002584344E-03   4.8477998720E-02
   36      2.1960572261E-04  -1.8484213398E-03  -1.6141749938E-03  -4.8334350886E-03  -6.6050350654E-03
   37      3.4119701026E-05  -8.0996563061E-05  -9.7022600931E-04  -6.5144204129E-03  -1.0010581466E-02
   38     -6.1106573604E-04  -2.6264654440E-03  -3.5420491017E-03  -1.1022372292E-02  -1.4129016822E-02
   39     -1.8903411791E-03   3.4696668810E-03   1.1081331024E-03  -1.4166701481E-03  -2.6052504655E-02
   40      2.7339073853E-03  -8.2687885167E-03  -3.6452388078E-03  -2.2427619616E-02   6.9261495178E-02
   41      8.1115737095E-04  -2.8167760310E-03  -8.9477966067E-05  -3.5265761094E-02   1.8847480738E-02
                    5                  6                  7                  8                  9        
    0      3.2248835083E-02  -4.2551281815E-02   2.9788289561E-03  -1.1029032090E-02  -4.6918147678E-02
    1      2.0926279045E-02   5.0471966450E-03  -7.0364866217E-02   8.6126967264E-02  -2.8789895352E-02
    2     -7.7828066824E-02  -1.7001497117E-02   8.3692649108E-02  -2.8679882129E-01  -2.2208707839E-02
    3     -2.4863941568E-01   3.2461153831E-03   2.7131957452E-03  -3.6191223228E-04  -4.6373328663E-03
    4     -2.9786858037E-01  -7.9658034665E-03  -7.5235136908E-03   1.4892077456E-03  -2.1147136516E-02
    5      7.1119778257E-01   2.9834795413E-02   1.4693840647E-02  -9.1602859423E-03  -1.6492862807E-02
    6      2.9834795413E-02   4.6783903023E-02  -1.8927558720E-03   1.2913361157E-02  -1.2292537344E-03
    7      1.4693840647E-02  -1.8927558720E-03   7.3772949175E-02  -9.1968038171E-02  -9.3094275274E-05
    8     -9.1602859423E-03   1.2913361157E-02  -9.1968038171E-02   3.0472457281E-01  -4.2232036331E-05
    9     -1.6492862807E-02  -1.2292537344E-03  -9.3094275274E-05  -4.2232036331E-05   4.9908719827E-02
   10     -8.9691664625E-03   2.1850779194E-03   9.2967085152E-03   6.4836915038E-03   3.4453993858E-02
   11      3.2147251631E-03  -3.8256845118E-03  -2.1559354093E-02  -1.3190787719E-02   2.4650224187E-02
   12     -1.6145137453E-03   3.9104170904E-04  -1.1780921166E-03   2.1299993215E-04   4.7663404357E-03
   13     -7.0803950181E-04   5.7106861141E-03  -5.8733218796E-03  -8.4607541598E-04   1.6324198422E-02
   14     -1.2097095157E-03  -2.0933656495E-02   1.6683657984E-02   2.0866241556E-04   1.4653625198E-02
   15      2.1262991207E-02  -6.0950533418E-04   9.0256154023E-04  -1.0521521184E-03   3.1443949266E-04
   16     -2.0536824823E-02   6.9079915347E-04  -5.8680813718E-04  -4.9524025156E-04   1.8403349273E-03
   17     -4.9526330531E-02  -5.2408314762E-04  -1.0380097493E-03   1.2346320644E-03   1.2378944018E-03
   18     -9.7827613564E-03  -2.4059257105E-04   6.9340382948E-05   4.5837941797E-05  -4.2916099303E-05
   19     -4.4452989995E-03   4.1031292678E-04  -8.1557048982E-05  -1.7441696528E-04   1.3417782967E-04
   20      2.1924465996E-02  -5.6175717473E-05   2.9026239217E-04  -2.6991000699E-04   2.8903680805E-05
   21      8.6677210753E-03   4.3069515093E-04   1.3909478489E-05  -9.9111729670E-05   5.7531611230E-05
   22      8.3111153964E-05  -1.7327278472E-04   1.3029893673E-05  -7.4233542182E-05  -2.5167234809E-05
   23     -3.2213996119E-03  -8.7974356559E-05  -3.7036963821E-05   1.0777661130E-04  -4.2586807077E-06
   24      4.5299637099E-03   7.9715983027E-05   4.2811534328E-05  -6.6824371878E-06  -1.4255068036E-04
   25     -1.5154758605E-03  -5.5085498753E-05   2.4727369793E-05   1.9155092413E-05   5.7619722569E-05
   26     -3.2586283142E-03  -4.5617701305E-05  -6.6829917714E-05   1.6511812704E-05   4.1563651548E-05
   27      4.9109943958E-03   1.4324667294E-04   3.7897629101E-05  -1.1646431088E-04   8.7595704662E-05
   28      3.5090054769E-04   1.5660895643E-05   3.1545228217E-05  -1.3539445836E-05   4.3654860350E-06
   29     -3.1337288869E-03  -4.3288969005E-05  -5.0255078719E-05   5.9757857308E-05  -1.4865887964E-06
   30      1.9115409168E-01  -5.7027262805E-03  -3.2548233422E-03   4.6025813227E-04   6.2907361067E-04
   31      2.4718305125E-01  -3.2353488945E-03   9.2821890970E-04   5.8503848082E-04   2.4716384828E-03
   32     -5.8631664926E-01   4.0583850295E-04   8.5088231495E-05   2.2664433225E-03   3.6791961315E-05
   33      1.8158812268E-02  -3.1181384264E-04   1.1182144769E-04  -5.3413800035E-04  -3.5699853041E-03
   34      2.3702901585E-02   1.3091125968E-04  -6.4056638294E-04  -1.2441569081E-03  -2.9770888685E-03
   35      1.3075801656E-03  -9.2170581986E-04  -1.2427305374E-03   1.0773234979E-03  -3.7959263846E-04
   36      3.0223098817E-03   3.1617179188E-04   4.8591024071E-04  -2.5835376828E-04  -6.1322337077E-04
   37      8.9500418308E-04   3.4808412708E-04   1.7657111752E-04  -2.0048165040E-04  -8.3266151941E-05
   38      1.6050068768E-02   7.8765335855E-05  -1.3104474564E-04  -1.9267444909E-04  -1.2684751684E-03
   39     -3.6867667880E-02  -7.6006770523E-04  -9.6161205370E-04  -5.9061958343E-05   1.3786685717E-03
   40      2.6687488543E-02  -1.2016014904E-03   8.0711461675E-04   3.8308306934E-04  -2.1683623624E-03
   41     -1.9758083742E-02   2.1258963690E-04   5.8828542373E-04   8.4011720690E-05  -2.7013694658E-04
                   10                 11                 12                 13                 14        
    0     -2.9847930608E-02  -2.2759870637E-02  -1.8587411756E-01   1.2819687150E-01  -1.8521551386E-02
    1     -1.9487372325E-01  -1.2523611433E-01   1.2741579287E-01  -1.5580422523E-01   1.8643076266E-02
    2     -1.2470774758E-01  -1.4562301962E-01  -1.8857167913E-02   1.8658417619E-02  -4.4792862493E-02
    3     -1.0727765509E-03   1.9383415017E-04  -2.1337507779E-02  -1.0397704026E-02   5.5485032237E-03
    4     -1.2936897142E-02   6.3561327259E-03   1.8034007577E-02   8.2049811174E-03  -6.2943517345E-03
    5     -8.9691664625E-03   3.2147251631E-03  -1.6145137453E-03  -7.0803950181E-04  -1.2097095157E-03
    6      2.1850779194E-03  -3.8256845118E-03   3.9104170904E-04   5.7106861141E-03  -2.0933656495E-02
    7      9.2967085152E-03  -2.1559354093E-02  -1.1780921166E-03  -5.8733218796E-03   1.6683657984E-02
    8      6.4836915038E-03  -1.3190787719E-02   2.1299993215E-04  -8.4607541598E-04   2.0866241556E-04
    9      3.4453993858E-02   2.4650224187E-02   4.7663404357E-03   1.6324198422E-02   1.4653625198E-02
   10      2.0868098406E-01   1.3616484826E-01  -4.3009434411E-03  -1.2522804387E-02  -1.0635940249E-02
   11      1.3616484826E-01   1.5205604854E-01   9.6354127922E-04   3.7880722632E-03   1.9039126957E-03
   12     -4.3009434411E-03   9.6354127922E-04   2.0232854875E-01  -1.3775021918E-01   1.9678888922E-02
   13     -1.2522804387E-02   3.7880722632E-03  -1.3775021918E-01   1.6442098627E-01  -1.9790403555E-02
   14     -1.0635940249E-02   1.9039126957E-03   1.9678888922E-02  -1.9790403555E-02   4.2941308686E-02
   15     -2.5153272241E-05  -1.4564286576E-04  -3.0252529794E-03  -2.6098300974E-03  -1.7978953631E-04
   16      1.0578630141E-03   6.6271838807E-04  -1.3066964006E-03   1.1768222102E-03   2.5103851090E-04
   17      7.5701414554E-04   1.8428577192E-04   8.2052661488E-04  -5.0728770604E-04   1.3505612400E-03
   18     -6.1107797579E-05  -1.5126707378E-04  -2.8498624146E-04  -2.8759216910E-04  -1.0247360656E-04
   19      1.1024624941E-05  -1.6581009520E-05  -4.6042201840E-04  -5.0229031265E-05  -1.1233112091E-04
   20      1.5994052939E-05   7.4927074306E-05  -1.6677936483E-03  -4.6631416836E-04  -2.6892574709E-04
   21     -4.2021354303E-06  -3.0046394972E-05  -1.3838734693E-04  -5.3963903891E-05   1.9290772846E-05
   22     -4.0739532015E-06   2.8948063990E-05   7.2913491764E-05   8.7390687719E-05  -6.0053765992E-05
   23     -2.4550313350E-05  -8.5675566745E-06   8.9130067888E-05  -3.0857964551E-05   4.1194664942E-05
   24     -4.2207760502E-05  -3.0347817866E-05  -7.3875698576E-05  -7.9817567556E-05   1.7269590496E-05
   25      2.1132837212E-05  -1.3097435777E-05   1.0900716025E-04   3.1185904875E-05   1.7111853693E-05
   26      1.4236959145E-06   9.8382010052E-06   6.7165120986E-05   1.1784247742E-05   1.6365338268E-06
   27      1.8873272958E-05   1.4409867468E-05  -5.7340405754E-04  -2.4314019840E-04  -4.5802770601E-05
   28     -8.8242764022E-06  -3.0129882338E-07   2.0358876469E-04   9.0778317920E-05  -3.2987945914E-05
   29     -1.0775115663E-05   7.3632326197E-06   3.4696185082E-04   7.6251646949E-05   5.9001463384E-05
   30      1.5944800293E-04   4.1112138562E-04   2.5815826374E-03   6.6933348411E-04  -5.1672108324E-04
   31      2.0737539048E-03  -2.6913516840E-04  -1.5439850885E-03  -1.5505092257E-04   1.2555264657E-03
   32      1.0194305904E-03  -3.3563723010E-04  -1.3213578487E-03  -7.4946225950E-04  -5.4379108032E-05
   33     -1.7401606357E-03   6.2672646098E-04   2.0707401146E-03   4.9540586876E-04   8.2000465509E-05
   34      3.1777261211E-04   3.6201884249E-04  -1.9501193815E-03  -1.0777974663E-04  -3.2001436626E-04
   35      6.0984191513E-04   2.0033801667E-03   1.2107294242E-04   2.3972662879E-04  -2.0167587283E-04
   36     -1.6056804911E-04  -3.3869413935E-04  -4.2554244548E-05   7.3717163445E-05   9.5456280073E-05
   37      1.5799815036E-04  -6.0452847624E-05  -3.2347896787E-05   1.0395143410E-04  -4.9023596161E-05
   38     -4.5133621716E-04  -7.6488364873E-05  -2.1763838261E-05  -1.3580893780E-05  -6.7442109317E-06
   39      4.1721546001E-04   4.1477151373E-04  -7.6541158397E-04  -7.7895005956E-05   2.1623654384E-04
   40     -1.2502143908E-03  -1.9426506296E-04   2.5198435088E-03   5.4467822336E-04   4.2493110353E-04
   41     -3.2889861972E-04  -2.8442922527E-04   9.9185293224E-04   4.9738595891E-04   3.9913217224E-06
                   15                 16                 17                 18                 19        
    0     -1.9765136886E-02   1.1754795935E-03  -5.9750658121E-04  -2.2332387425E-05  -3.8018499793E-04
    1      1.5518887745E-02   2.6411367076E-03   2.9873749285E-03   1.0877400438E-03   8.1508566937E-04
    2     -4.8459800149E-03   1.4646937090E-03   2.7534778553E-03  -3.8368988469E-04   5.3641509738E-04
    3     -3.3680359979E-03  -2.0577119578E-02   3.4102267557E-02  -3.2057661672E-02   6.7090091063E-03
    4     -3.1815970644E-02  -2.4048521019E-02  -2.7704320055E-02   1.4683621437E-02  -2.5746293123E-03
    5      2.1262991207E-02  -2.0536824823E-02  -4.9526330531E-02  -9.7827613564E-03  -4.4452989995E-03
    6     -6.0950533418E-04   6.9079915347E-04  -5.2408314762E-04  -2.4059257105E-04   4.1031292678E-04
    7      9.0256154023E-04  -5.8680813718E-04  -1.0380097493E-03   6.9340382948E-05  -8.1557048982E-05
    8     -1.0521521184E-03  -4.9524025156E-04   1.2346320644E-03   4.5837941797E-05  -1.7441696528E-04
    9      3.1443949266E-04   1.8403349273E-03   1.2378944018E-03  -4.2916099303E-05   1.3417782967E-04
   10     -2.5153272241E-05   1.0578630141E-03   7.5701414554E-04  -6.1107797579E-05   1.1024624941E-05
   11     -1.4564286576E-04   6.6271838807E-04   1.8428577192E-04  -1.5126707378E-04  -1.6581009520E-05
   12     -3.0252529794E-03  -1.3066964006E-03   8.2052661488E-04  -2.8498624146E-04  -4.6042201840E-04
   13     -2.6098300974E-03   1.1768222102E-03  -5.0728770604E-04  -2.8759216910E-04  -5.0229031265E-05
   14     -1.7978953631E-04   2.5103851090E-04   1.3505612400E-03  -1.0247360656E-04  -1.1233112091E-04
   15      2.7744203407E-01  -4.2677387530E-02  -1.2877201813E-01  -1.5978973433E-01   5.0329006777E-03
   16     -4.2677387530E-02   1.8233275361E-01   3.5974245691E-02   1.0855957583E-02  -7.0751247513E-02
   17     -1.2877201813E-01   3.5974245691E-02   1.9490141494E-01   5.8571635945E-02  -6.3082345686E-03
   18     -1.5978973433E-01   1.0855957583E-02   5.8571635945E-02   4.6356632494E-01  -1.9395817178E-03
   19      5.0329006777E-03  -7.0751247513E-02  -6.3082345686E-03  -1.9395817178E-03   5.4396769713E-01
   20      5.7566079929E-02  -4.6484792759E-03  -1.1928143503E-01   6.0860833957E-02   6.5396730177E-03
   21     -1.1911909785E-02  -1.4459811023E-02   2.8779129185E-02  -4.4244817804E-02   9.8582063983E-03
   22     -6.2697902655E-03   7.7731972243E-03  -1.2515163718E-03   6.8916321084E-03  -1.4377015228E-01
   23      1.6605926886E-02   5.0024784232E-03  -1.9839877378E-02  -8.7620987970E-03   1.1185381587E-01
   24     -1.3309402832E-02   3.0596284920E-02   1.9064579462E-02  -4.3773441538E-02   4.7232018587E-03
   25      9.1441024383E-03   4.4989695666E-03  -3.8117221520E-03   8.9500022397E-03  -2.6738239807E-01
   26      1.3131317686E-02  -1.9111417487E-02  -1.1044759421E-02  -5.8804401419E-05  -7.1063603480E-02
   27     -3.6209437194E-02   2.8671029884E-03  -4.5830903746E-03  -1.8489263152E-01  -3.9215800499E-02
   28      3.0610994769E-03   3.0752401958E-03   5.4313406266E-03  -4.0336279854E-02  -5.7734532287E-02
   29      2.3101534077E-02   2.7790953910E-03   1.3016399913E-02  -1.1709067103E-01  -3.3507352361E-02
   30      3.5175694253E-03   7.6071237419E-03  -1.6414208600E-02   6.9165022157E-04   2.0026727657E-03
   31      1.3116703871E-02  -6.4086510834E-03   2.4681598196E-02  -6.8000773849E-03   2.9341466992E-04
   32     -1.8991127106E-02   2.4854853506E-02  -1.3202470421E-02   1.1757717862E-02  -2.7133437269E-04
   33      5.9260268295E-03   5.1802347203E-02   3.0249357555E-02   1.0334088231E-02   1.0650771438E-03
   34      3.4868427374E-02  -7.0811762568E-02  -4.4618716807E-02  -1.2826695936E-02  -9.3701088922E-03
   35      1.0629149547E-02  -1.5387336513E-02   2.0010352770E-02  -1.3224899144E-03   8.1378142807E-04
   36     -4.2462707458E-03   5.0939328507E-03   4.3689305195E-03   7.4281791389E-04   1.0360370328E-03
   37      3.8927162397E-03   1.8950555382E-04  -2.9685319026E-03   4.7085704270E-04  -1.7494495127E-03
   38      6.9167189232E-04  -4.4850076489E-04  -8.7179866721E-04   7.2962001958E-04  -6.5734715102E-04
   39     -3.4860193321E-02  -3.3771972744E-02  -2.6447214818E-02  -9.7893665508E-03   1.1010267658E-02
   40     -2.1214242132E-03  -3.0063062528E-02   1.8357855138E-02   1.9105526184E-02   8.0278105509E-03
   41      1.0910058237E-02  -1.0315576115E-02  -1.9695769716E-02   5.5149900448E-03  -3.1882538098E-03
                   20                 21                 22                 23                 24        
    0     -3.9179686216E-03   2.9883323542E-05  -2.3996287033E-04   2.8343434379E-04   5.6833925813E-05
    1      3.5341985855E-03   6.9815240714E-04  -2.3864476023E-04  -2.2866022912E-04   1.8983204942E-04
    2     -8.2376990333E-04  -4.7801892708E-04   5.4647987253E-04  -6.5409185819E-05  -3.2727372917E-04
    3      6.3925141714E-03   1.7210244999E-04   3.1506249609E-03  -3.3717599101E-03   1.6840867451E-03
    4     -2.0447578747E-02  -3.2180708868E-03  -3.1144374956E-04   5.1644660559E-03  -1.0896987749E-03
    5      2.1924465996E-02   8.6677210753E-03   8.3111153964E-05  -3.2213996119E-03   4.5299637099E-03
    6     -5.6175717473E-05   4.3069515093E-04  -1.7327278472E-04  -8.7974356559E-05   7.9715983027E-05
    7      2.9026239217E-04   1.3909478489E-05   1.3029893673E-05  -3.7036963821E-05   4.2811534328E-05
    8     -2.6991000699E-04  -9.9111729670E-05  -7.4233542182E-05   1.0777661130E-04  -6.6824371878E-06
    9      2.8903680805E-05   5.7531611230E-05  -2.5167234809E-05  -4.2586807077E-06  -1.4255068036E-04
   10      1.5994052939E-05  -4.2021354303E-06  -4.0739532015E-06  -2.4550313350E-05  -4.2207760502E-05
   11      7.4927074306E-05  -3.0046394972E-05   2.8948063990E-05  -8.5675566745E-06  -3.0347817866E-05
   12     -1.6677936483E-03  -1.3838734693E-04   7.2913491764E-05   8.9130067888E-05  -7.3875698576E-05
   13     -4.6631416836E-04  -5.3963903891E-05   8.7390687719E-05  -3.0857964551E-05  -7.9817567556E-05
   14     -2.6892574709E-04   1.9290772846E-05  -6.0053765992E-05   4.1194664942E-05   1.7269590496E-05
   15      5.7566079929E-02  -1.1911909785E-02  -6.2697902655E-03   1.6605926886E-02  -1.3309402832E-02
   16     -4.6484792759E-03  -1.4459811023E-02   7.7731972243E-03   5.0024784232E-03   3.0596284920E-02
   17     -1.1928143503E-01   2.8779129185E-02  -1.2515163718E-03  -1.9839877378E-02   1.9064579462E-02
   18      6.0860833957E-02  -4.4244817804E-02   6.8916321084E-03  -8.7620987970E-03  -4.3773441538E-02
   19      6.5396730177E-03   9.8582063983E-03  -1.4377015228E-01   1.1185381587E-01   4.7232018587E-03
   20      4.9846666742E-01  -1.3652804287E-02   1.1411692752E-01  -1.8158037367E-01  -1.6870658567E-03
   21     -1.3652804287E-02   5.2442710796E-02  -5.8923368032E-03  -1.1048650423E-03   1.0262948436E-03
   22      1.1411692752E-01  -5.8923368032E-03   1.4830737826E-01  -1.2634391960E-01   2.2344496895E-03
   23     -1.8158037367E-01  -1.1048650423E-03  -1.2634391960E-01   2.0475664210E-01  -3.8010512303E-04
   24     -1.6870658567E-03   1.0262948436E-03   2.2344496895E-03  -3.8010512303E-04   5.3988625072E-02
   25     -7.4137514889E-02  -8.3813757712E-04  -1.5951866169E-02  -6.5419820094E-03  -1.5575618186E-02
   26     -6.8731548976E-02  -6.0456804663E-04   2.1141728218E-02   9.3943346303E-03  -1.1324531986E-02
   27     -1.1259211564E-01   8.2962285067E-04   1.5705263573E-04  -1.2470361139E-03   2.4615650483E-03
   28     -3.4795198163E-02   1.4922782160E-02   5.0574235106E-03   1.1353024236E-02  -2.1633379227E-02
   29     -1.3420908427E-01  -1.6440275292E-02  -6.7831794310E-03  -1.1379068163E-02  -6.7406787145E-03
   30     -4.5722083113E-04   1.8605998398E-03  -3.5300904961E-05  -2.1957514372E-03   5.0826761684E-04
   31      7.2882930418E-03   9.5602794446E-04  -9.7007874369E-04  -1.6421033379E-03   6.6251450474E-04
   32     -1.0324932747E-02  -4.1626067643E-03  -9.5647539271E-04   2.0713625043E-03  -1.9422310822E-03
   33     -3.7271073684E-03  -1.0450692244E-03  -4.2597371385E-04   6.1432501520E-04  -1.8590794593E-03
   34      2.6816863282E-03   6.4125494904E-04   5.0888336652E-04  -1.4179814216E-03   4.6204974100E-03
   35      2.1830029696E-03  -9.3127856850E-04   5.6989375113E-04  -5.2647265851E-04  -1.1945874130E-05
   36      1.1067765664E-04   6.1048193999E-05   2.9198863429E-05   2.8659340766E-04  -5.8356410732E-04
   37     -7.8017421406E-04   1.3251038925E-04  -9.6935239684E-05  -1.3018480701E-04   2.2156948033E-04
   38      3.4355234725E-04   1.6828617917E-05  -1.3642615809E-04  -1.5803345364E-05   1.3181280237E-04
   39      1.2430340486E-02   4.1499890393E-04   3.1020312030E-04  -4.3137148225E-04  -1.5620629998E-04
   40      7.9831769043E-04  -2.7221563477E-03  -3.4825725660E-04   2.9071718841E-03  -4.8844883977E-03
   41     -7.6162770940E-03   3.4042381293E-05  -8.9693361808E-04   2.8393695809E-04  -1.2793878637E-03
                   25                 26                 27                 28                 29        
    0      1.2297132634E-04   1.0109848748E-04  -1.2097425699E-03   2.0906923074E-04   6.7871150708E-04
    1     -1.1421966537E-04  -5.1023777318E-05   1.5403919271E-03  -4.8777901706E-04  -8.3252652605E-04
    2     -2.8455844789E-05   1.4993544674E-04  -2.5383619064E-04   7.8402844081E-05   1.5741886855E-04
    3     -1.7423681821E-03  -1.7670538126E-03   1.8829581284E-03   1.4879774545E-03   1.4843658972E-04
    4      3.4779288462E-04   1.4886096899E-03  -7.3713672070E-03   7.0250200322E-04   3.7896527815E-03
    5     -1.5154758605E-03  -3.2586283142E-03   4.9109943958E-03   3.5090054769E-04  -3.1337288869E-03
    6     -5.5085498753E-05  -4.5617701305E-05   1.4324667294E-04   1.5660895643E-05  -4.3288969005E-05
    7      2.4727369793E-05  -6.6829917714E-05   3.7897629101E-05   3.1545228217E-05  -5.0255078719E-05
    8      1.9155092413E-05   1.6511812704E-05  -1.1646431088E-04  -1.3539445836E-05   5.9757857308E-05
    9      5.7619722569E-05   4.1563651548E-05   8.7595704662E-05   4.3654860350E-06  -1.4865887964E-06
   10      2.1132837212E-05   1.4236959145E-06   1.8873272958E-05  -8.8242764022E-06  -1.0775115663E-05
   11     -1.3097435777E-05   9.8382010052E-06   1.4409867468E-05  -3.0129882338E-07   7.3632326197E-06
   12      1.0900716025E-04   6.7165120986E-05  -5.7340405754E-04   2.0358876469E-04   3.4696185082E-04
   13      3.1185904875E-05   1.1784247742E-05  -2.4314019840E-04   9.0778317920E-05   7.6251646949E-05
   14      1.7111853693E-05   1.6365338268E-06  -4.5802770601E-05  -3.2987945914E-05   5.9001463384E-05
   15      9.1441024383E-03   1.3131317686E-02  -3.6209437194E-02   3.0610994769E-03   2.3101534077E-02
   16      4.4989695666E-03  -1.9111417487E-02   2.8671029884E-03   3.0752401958E-03   2.7790953910E-03
   17     -3.8117221520E-03  -1.1044759421E-02  -4.5830903746E-03   5.4313406266E-03   1.3016399913E-02
   18      8.9500022397E-03  -5.8804401419E-05  -1.8489263152E-01  -4.0336279854E-02  -1.1709067103E-01
   19     -2.6738239807E-01  -7.1063603480E-02  -3.9215800499E-02  -5.7734532287E-02  -3.3507352361E-02
   20     -7.4137514889E-02  -6.8731548976E-02  -1.1259211564E-01  -3.4795198163E-02  -1.3420908427E-01
   21     -8.3813757712E-04  -6.0456804663E-04   8.2962285067E-04   1.4922782160E-02  -1.6440275292E-02
   22     -1.5951866169E-02   2.1141728218E-02   1.5705263573E-04   5.0574235106E-03  -6.7831794310E-03
   23     -6.5419820094E-03   9.3943346303E-03  -1.2470361139E-03   1.1353024236E-02  -1.1379068163E-02
   24     -1.5575618186E-02  -1.1324531986E-02   2.4615650483E-03  -2.1633379227E-02  -6.7406787145E-03
   25      2.8218521086E-01   8.4157295114E-02  -9.1309704562E-05  -4.7045094290E-03  -3.4042064373E-04
   26      8.4157295114E-02   7.5175246769E-02  -1.9852766360E-04  -1.7182055470E-02  -4.8261531326E-03
   27     -9.1309704562E-05  -1.9852766360E-04   2.1563886030E-01   4.2031798127E-02   1.1727308556E-01
   28     -4.7045094290E-03  -1.7182055470E-02   4.2031798127E-02   5.4296423417E-02   3.5791999067E-02
   29     -3.4042064373E-04  -4.8261531326E-03   1.1727308556E-01   3.5791999067E-02   1.3767070821E-01
   30      5.7257134606E-04  -8.2140197294E-04   1.1288602088E-03  -3.8190955867E-04  -8.2464694108E-04
   31     -1.2373481198E-04  -7.0171516582E-04   1.2509204015E-03   1.8498756918E-05  -7.3389241720E-04
   32      7.2460035905E-04   1.3880465425E-03  -2.1514777268E-03  -4.4693074654E-04   2.1782576713E-03
   33      6.8973835318E-04   1.7085437494E-03  -6.7909386472E-04  -1.0289265611E-03  -5.9671308436E-04
   34     -1.2611310425E-03  -2.9272678111E-03   1.5587481806E-03   1.9631827071E-04   5.6214142831E-04
   35     -1.1475622116E-04   2.9053508923E-04   6.9267711595E-04  -6.4295978275E-04  -3.4652635272E-04
   36      2.8778257363E-05   2.4484633851E-04  -2.2656231633E-04   1.3495939976E-04  -1.1223642900E-04
   37      1.1215606870E-04  -2.2311106906E-04   1.6100034917E-05  -7.5524715092E-05   2.9805881297E-05
   38      4.9470899909E-05  -6.7895300566E-05  -1.4320587580E-04   5.5253698675E-06  -1.9017498159E-05
   39     -1.0773931960E-03  -3.3262108307E-04   1.4928715764E-03   1.2970842603E-03   2.7198844521E-04
   40      2.5368567797E-03   4.6032478747E-03  -2.4186822625E-03  -4.4376158820E-04  -7.1841526586E-04
   41      1.4898963541E-03   1.4778576412E-03  -1.3718671531E-03   1.3723187662E-04   8.7095780785E-04
                   30                 31                 32                 33                 34        
    0     -2.5771635773E-03  -8.6899086787E-03   9.9743578019E-03  -1.9175820445E-03  -5.1560659127E-03
    1     -1.7197536463E-02  -1.6006896369E-04   1.2019032010E-02  -1.7157328890E-02  -9.5754134408E-03
    2      3.3096093565E-02   2.0401476962E-02  -1.0402744511E-02  -1.3820179342E-02  -1.1420450945E-02
    3     -1.6139822732E-01  -1.0937558058E-01   2.1383451036E-01  -4.1202804095E-02   1.5311863076E-03
    4     -1.0392458153E-01  -1.9749759069E-01   2.5954088342E-01   2.1016667671E-02  -4.3953060778E-02
    5      1.9115409168E-01   2.4718305125E-01  -5.8631664926E-01   1.8158812268E-02   2.3702901585E-02
    6     -5.7027262805E-03  -3.2353488945E-03   4.0583850295E-04  -3.1181384264E-04   1.3091125968E-04
    7     -3.2548233422E-03   9.2821890970E-04   8.5088231495E-05   1.1182144769E-04  -6.4056638294E-04
    8      4.6025813227E-04   5.8503848082E-04   2.2664433225E-03  -5.3413800035E-04  -1.2441569081E-03
    9      6.2907361067E-04   2.4716384828E-03   3.6791961315E-05  -3.5699853041E-03  -2.9770888685E-03
   10      1.5944800293E-04   2.0737539048E-03   1.0194305904E-03  -1.7401606357E-03   3.1777261211E-04
   11      4.1112138562E-04  -2.6913516840E-04  -3.3563723010E-04   6.2672646098E-04   3.6201884249E-04
   12      2.5815826374E-03  -1.5439850885E-03  -1.3213578487E-03   2.0707401146E-03  -1.9501193815E-03
   13      6.6933348411E-04  -1.5505092257E-04  -7.4946225950E-04   4.9540586876E-04  -1.0777974663E-04
   14     -5.1672108324E-04   1.2555264657E-03  -5.4379108032E-05   8.2000465509E-05  -3.2001436626E-04
   15      3.5175694253E-03   1.3116703871E-02  -1.8991127106E-02   5.9260268295E-03   3.4868427374E-02
   16      7.6071237419E-03  -6.4086510834E-03   2.4854853506E-02   5.1802347203E-02  -7.0811762568E-02
   17     -1.6414208600E-02   2.4681598196E-02  -1.3202470421E-02   3.0249357555E-02  -4.4618716807E-02
   18      6.9165022157E-04  -6.8000773849E-03   1.1757717862E-02   1.0334088231E-02  -1.2826695936E-02
   19      2.0026727657E-03   2.9341466992E-04  -2.7133437269E-04   1.0650771438E-03  -9.3701088922E-03
   20     -4.5722083113E-04   7.2882930418E-03  -1.0324932747E-02  -3.7271073684E-03   2.6816863282E-03
   21      1.8605998398E-03   9.5602794446E-04  -4.1626067643E-03  -1.0450692244E-03   6.4125494904E-04
   22     -3.5300904961E-05  -9.7007874369E-04  -9.5647539271E-04  -4.2597371385E-04   5.0888336652E-04
   23     -2.1957514372E-03  -1.6421033379E-03   2.0713625043E-03   6.1432501520E-04  -1.4179814216E-03
   24      5.0826761684E-04   6.6251450474E-04  -1.9422310822E-03  -1.8590794593E-03   4.6204974100E-03
   25      5.7257134606E-04  -1.2373481198E-04   7.2460035905E-04   6.8973835318E-04  -1.2611310425E-03
   26     -8.2140197294E-04  -7.0171516582E-04   1.3880465425E-03   1.7085437494E-03  -2.9272678111E-03
   27      1.1288602088E-03   1.2509204015E-03  -2.1514777268E-03  -6.7909386472E-04   1.5587481806E-03
   28     -3.8190955867E-04   1.8498756918E-05  -4.4693074654E-04  -1.0289265611E-03   1.9631827071E-04
   29     -8.2464694108E-04  -7.3389241720E-04   2.1782576713E-03  -5.9671308436E-04   5.6214142831E-04
   30      1.4928750284E-01   1.0481192055E-01  -2.0824985222E-01   1.1699269953E-02   2.7020289385E-03
   31      1.0481192055E-01   1.9324065256E-01  -2.8548661377E-01  -5.0473871748E-04   1.9513149907E-02
   32     -2.0824985222E-01  -2.8548661377E-01   6.5701113319E-01  -4.5046000890E-03  -7.4914197287E-03
   33      1.1699269953E-02  -5.0473871748E-04  -4.5046000890E-03   2.1023233829E-01   1.3621950733E-01
   34      2.7020289385E-03   1.9513149907E-02  -7.4914197287E-03   1.3621950733E-01   4.1157065308E-01
   35     -1.4212032757E-03  -1.3734261505E-02  -4.2094028413E-02  -1.1965682127E-01  -1.2368432419E-01
   36      6.1215348404E-04   2.4694378821E-03   1.4655506262E-03  -1.4079418277E-01  -1.8108509115E-01
   37      1.7285609733E-03   2.2157560126E-03   2.8892265653E-03  -1.6215516328E-01  -2.6959181822E-01
   38      3.1755778799E-03   5.4803410550E-03  -2.5663830365E-03   9.3856445023E-02   1.5030377477E-01
   39     -2.7414221782E-03   4.5058367108E-03   3.6287194051E-03  -4.8765246540E-02   2.1706525262E-02
   40      4.6284968894E-03  -1.2823166928E-02  -6.0311709458E-03  -2.8317106981E-02  -2.7498124410E-02
   41      2.6633175523E-03  -4.1915295321E-03   1.1389087447E-04  -2.3863513515E-03   1.5500295348E-02
                   35                 36                 37                 38                 39        
    0     -4.4356648241E-04   2.1960572261E-04   3.4119701026E-05  -6.1106573604E-04  -1.8903411791E-03
    1     -6.6720658253E-03  -1.8484213398E-03  -8.0996563061E-05  -2.6264654440E-03   3.4696668810E-03
    2     -3.3495320385E-03  -1.6141749938E-03  -9.7022600931E-04  -3.5420491017E-03   1.1081331024E-03
    3      8.8002584344E-03  -4.8334350886E-03  -6.5144204129E-03  -1.1022372292E-02  -1.4166701481E-03
    4      4.8477998720E-02  -6.6050350654E-03  -1.0010581466E-02  -1.4129016822E-02  -2.6052504655E-02
    5      1.3075801656E-03   3.0223098817E-03   8.9500418308E-04   1.6050068768E-02  -3.6867667880E-02
    6     -9.2170581986E-04   3.1617179188E-04   3.4808412708E-04   7.8765335855E-05  -7.6006770523E-04
    7     -1.2427305374E-03   4.8591024071E-04   1.7657111752E-04  -1.3104474564E-04  -9.6161205370E-04
    8      1.0773234979E-03  -2.5835376828E-04  -2.0048165040E-04  -1.9267444909E-04  -5.9061958343E-05
    9     -3.7959263846E-04  -6.1322337077E-04  -8.3266151941E-05  -1.2684751684E-03   1.3786685717E-03
   10      6.0984191513E-04  -1.6056804911E-04   1.5799815036E-04  -4.5133621716E-04   4.1721546001E-04
   11      2.0033801667E-03  -3.3869413935E-04  -6.0452847624E-05  -7.6488364873E-05   4.1477151373E-04
   12      1.2107294242E-04  -4.2554244548E-05  -3.2347896787E-05  -2.1763838261E-05  -7.6541158397E-04
   13      2.3972662879E-04   7.3717163445E-05   1.0395143410E-04  -1.3580893780E-05  -7.7895005956E-05
   14     -2.0167587283E-04   9.5456280073E-05  -4.9023596161E-05  -6.7442109317E-06   2.1623654384E-04
   15      1.0629149547E-02  -4.2462707458E-03   3.8927162397E-03   6.9167189232E-04  -3.4860193321E-02
   16     -1.5387336513E-02   5.0939328507E-03   1.8950555382E-04  -4.4850076489E-04  -3.3771972744E-02
   17      2.0010352770E-02   4.3689305195E-03  -2.9685319026E-03  -8.7179866721E-04  -2.6447214818E-02
   18     -1.3224899144E-03   7.4281791389E-04   4.7085704270E-04   7.2962001958E-04  -9.7893665508E-03
   19      8.1378142807E-04   1.0360370328E-03  -1.7494495127E-03  -6.5734715102E-04   1.1010267658E-02
   20      2.1830029696E-03   1.1067765664E-04  -7.8017421406E-04   3.4355234725E-04   1.2430340486E-02
   21     -9.3127856850E-04   6.1048193999E-05   1.3251038925E-04   1.6828617917E-05   4.1499890393E-04
   22      5.6989375113E-04   2.9198863429E-05  -9.6935239684E-05  -1.3642615809E-04   3.1020312030E-04
   23     -5.2647265851E-04   2.8659340766E-04  -1.3018480701E-04  -1.5803345364E-05  -4.3137148225E-04
   24     -1.1945874130E-05  -5.8356410732E-04   2.2156948033E-04   1.3181280237E-04  -1.5620629998E-04
   25     -1.1475622116E-04   2.8778257363E-05   1.1215606870E-04   4.9470899909E-05  -1.0773931960E-03
   26      2.9053508923E-04   2.4484633851E-04  -2.2311106906E-04  -6.7895300566E-05  -3.3262108307E-04
   27      6.9267711595E-04  -2.2656231633E-04   1.6100034917E-05  -1.4320587580E-04   1.4928715764E-03
   28     -6.4295978275E-04   1.3495939976E-04  -7.5524715092E-05   5.5253698675E-06   1.2970842603E-03
   29     -3.4652635272E-04  -1.1223642900E-04   2.9805881297E-05  -1.9017498159E-05   2.7198844521E-04
   30     -1.4212032757E-03   6.1215348404E-04   1.7285609733E-03   3.1755778799E-03  -2.7414221782E-03
   31     -1.3734261505E-02   2.4694378821E-03   2.2157560126E-03   5.4803410550E-03   4.5058367108E-03
   32     -4.2094028413E-02   1.4655506262E-03   2.8892265653E-03  -2.5663830365E-03   3.6287194051E-03
   33     -1.1965682127E-01  -1.4079418277E-01  -1.6215516328E-01   9.3856445023E-02  -4.8765246540E-02
   34     -1.2368432419E-01  -1.8108509115E-01  -2.6959181822E-01   1.5030377477E-01   2.1706525262E-02
   35      1.4688377744E-01   9.1467397813E-02   1.3129806347E-01  -9.9422026334E-02   1.3257536299E-02
   36      9.1467397813E-02   1.3729046493E-01   1.7574990982E-01  -8.9832082702E-02   1.2061339819E-02
   37      1.3129806347E-01   1.7574990982E-01   2.8682263851E-01  -1.3697298078E-01  -1.3900883442E-02
   38     -9.9422026334E-02  -8.9832082702E-02  -1.3697298078E-01   9.3472538965E-02   4.2777435412E-03
   39      1.3257536299E-02   1.2061339819E-02  -1.3900883442E-02   4.2777435412E-03   8.5695888549E-02
   40     -2.0653295969E-02   4.6580277327E-03  -7.8237755199E-03  -3.0445133429E-04   3.2900864027E-02
   41     -2.7900993188E-02  -8.9557722210E-03   7.1910603345E-03  -3.0376356689E-03   2.8481992590E-02
                   40                 41        
     0      2.7339073853E-03   8.1115737095E-04
     1     -8.2687885167E-03  -2.8167760310E-03
     2     -3.6452388078E-03  -8.9477966067E-05
     3     -2.2427619616E-02  -3.5265761094E-02
     4      6.9261495178E-02   1.8847480738E-02
     5      2.6687488543E-02  -1.9758083742E-02
     6     -1.2016014904E-03   2.1258963690E-04
     7      8.0711461675E-04   5.8828542373E-04
     8      3.8308306934E-04   8.4011720690E-05
     9     -2.1683623624E-03  -2.7013694658E-04
    10     -1.2502143908E-03  -3.2889861972E-04
    11     -1.9426506296E-04  -2.8442922527E-04
    12      2.5198435088E-03   9.9185293224E-04
    13      5.4467822336E-04   4.9738595891E-04
    14      4.2493110353E-04   3.9913217224E-06
    15     -2.1214242132E-03   1.0910058237E-02
    16     -3.0063062528E-02  -1.0315576115E-02
    17      1.8357855138E-02  -1.9695769716E-02
    18      1.9105526184E-02   5.5149900448E-03
    19      8.0278105509E-03  -3.1882538098E-03
    20      7.9831769043E-04  -7.6162770940E-03
    21     -2.7221563477E-03   3.4042381293E-05
    22     -3.4825725660E-04  -8.9693361808E-04
    23      2.9071718841E-03   2.8393695809E-04
    24     -4.8844883977E-03  -1.2793878637E-03
    25      2.5368567797E-03   1.4898963541E-03
    26      4.6032478747E-03   1.4778576412E-03
    27     -2.4186822625E-03  -1.3718671531E-03
    28     -4.4376158820E-04   1.3723187662E-04
    29     -7.1841526586E-04   8.7095780785E-04
    30      4.6284968894E-03   2.6633175523E-03
    31     -1.2823166928E-02  -4.1915295321E-03
    32     -6.0311709458E-03   1.1389087447E-04
    33     -2.8317106981E-02  -2.3863513515E-03
    34     -2.7498124410E-02   1.5500295348E-02
    35     -2.0653295969E-02  -2.7900993188E-02
    36      4.6580277327E-03  -8.9557722210E-03
    37     -7.8237755199E-03   7.1910603345E-03
    38     -3.0445133429E-04  -3.0376356689E-03
    39      3.2900864027E-02   2.8481992590E-02
    40      7.5793093357E-03  -2.2563190102E-02
    41     -2.2563190102E-02   7.5545308370E-02

$vibrational_frequencies
42
    0        0.000000
    1        0.000000
    2        0.000000
    3        0.000000
    4        0.000000
    5        0.000000
    6     -974.741837
    7      107.235595
    8      129.821561
    9      175.946849
   10      223.760236
   11      274.116346
   12      325.096334
   13      377.249278
   14      433.761539
   15      518.909501
   16      583.825897
   17      628.604477
   18      726.291774
   19      833.506140
   20      960.660321
   21     1014.858743
   22     1054.719876
   23     1076.310112
   24     1134.333636
   25     1150.225934
   26     1340.644904
   27     1397.500072
   28     1402.398257
   29     1406.410808
   30     1434.617816
   31     1437.858760
   32     1486.763696
   33     1744.276476
   34     1874.494308
   35     2904.097420
   36     2976.080101
   37     2980.272323
   38     2996.606794
   39     3060.409677
   40     3107.575839
   41     3630.803109

$normal_modes
42 42
                    0                  1                  2                  3                  4        
    0      0.0000000000E+00   0.0000000000E+00   0.0000000000E+00   0.0000000000E+00   0.0000000000E+00
    1      0.0000000000E+00   0.0000000000E+00   0.0000000000E+00   0.0000000000E+00   0.0000000000E+00
    2      0.0000000000E+00   0.0000000000E+00   0.0000000000E+00   0.0000000000E+00   0.0000000000E+00
    3      0.0000000000E+00   0.0000000000E+00   0.0000000000E+00   0.0000000000E+00   0.0000000000E+00
    4      0.0000000000E+00   0.0000000000E+00   0.0000000000E+00   0.0000000000E+00   0.0000000000E+00
    5      0.0000000000E+00   0.0000000000E+00   0.0000000000E+00   0.0000000000E+00   0.0000000000E+00
    6      0.0000000000E+00   0.0000000000E+00   0.0000000000E+00   0.0000000000E+00   0.0000000000E+00
    7      0.0000000000E+00   0.0000000000E+00   0.0000000000E+00   0.0000000000E+00   0.0000000000E+00
    8      0.0000000000E+00   0.0000000000E+00   0.0000000000E+00   0.0000000000E+00   0.0000000000E+00
